
dFeo4= projection_east_other_temp(4);
dFeo3= projection_east_other_temp(3);
dFeo2= projection_east_other_temp(2);
dFeo1= projection_east_other_temp(1);
dFec4= projection_east_cell_temp(4);
dFec3= projection_east_cell_temp(3);
dFec2= projection_east_cell_temp(2);
dFec1= projection_east_cell_temp(1);
dFwo4= projection_west_other_temp(4);
dFwo3= projection_west_other_temp(3);
dFwo2= projection_west_other_temp(2);
dFwo1= projection_west_other_temp(1);
dFwc4= projection_west_cell_temp(4);
dFwc3= projection_west_cell_temp(3);
dFwc2= projection_west_cell_temp(2);
dFwc1= projection_west_cell_temp(1);
Jac_west_cell_temp_pre(16,16) = 3.5*dFwc1 + 2.086996778999804*dFwc3;
Jac_west_cell_temp_pre(16,15) = - 2.958039891549808*dFwc1 - 1.763834207376394*dFwc3;
Jac_west_cell_temp_pre(16,14) = 2.29128784747792*dFwc1 + 1.366260102127946*dFwc3;
Jac_west_cell_temp_pre(16,13) = - 1.322875655532295*dFwc1 - 0.7888106377466155*dFwc3;
Jac_west_cell_temp_pre(16,12) = 3.07408522978788*dFwc2 + 2.086996778999804*dFwc4;
Jac_west_cell_temp_pre(16,11) = - 2.598076211353316*dFwc2 - 1.763834207376394*dFwc4;
Jac_west_cell_temp_pre(16,10) = 2.012461179749811*dFwc2 + 1.366260102127946*dFwc4;
Jac_west_cell_temp_pre(16,9) = - 1.161895003862225*dFwc2 - 0.7888106377466155*dFwc4;
Jac_west_cell_temp_pre(16,8) = 3.07408522978788*dFwc3;
Jac_west_cell_temp_pre(16,7) = -2.598076211353316*dFwc3;
Jac_west_cell_temp_pre(16,6) = 2.012461179749811*dFwc3;
Jac_west_cell_temp_pre(16,5) = -1.161895003862225*dFwc3;
Jac_west_cell_temp_pre(16,4) = 3.5*dFwc4;
Jac_west_cell_temp_pre(16,3) = -2.958039891549808*dFwc4;
Jac_west_cell_temp_pre(16,2) = 2.29128784747792*dFwc4;
Jac_west_cell_temp_pre(16,1) = -1.322875655532295*dFwc4;
Jac_west_cell_temp_pre(15,16) = - 2.958039891549808*dFwc1 - 1.763834207376394*dFwc3;
Jac_west_cell_temp_pre(15,15) = 2.5*dFwc1 + 1.49071198499986*dFwc3;
Jac_west_cell_temp_pre(15,14) = - 1.936491673103708*dFwc1 - 1.154700538379252*dFwc3;
Jac_west_cell_temp_pre(15,13) = 1.118033988749895*dFwc1 + 0.6666666666666667*dFwc3;
Jac_west_cell_temp_pre(15,12) = - 2.598076211353316*dFwc2 - 1.763834207376394*dFwc4;
Jac_west_cell_temp_pre(15,11) = 2.1957751641342*dFwc2 + 1.49071198499986*dFwc4;
Jac_west_cell_temp_pre(15,10) = - 1.700840128541523*dFwc2 - 1.154700538379252*dFwc4;
Jac_west_cell_temp_pre(15,9) = 0.9819805060619657*dFwc2 + 0.6666666666666667*dFwc4;
Jac_west_cell_temp_pre(15,8) = -2.598076211353316*dFwc3;
Jac_west_cell_temp_pre(15,7) = 2.1957751641342*dFwc3;
Jac_west_cell_temp_pre(15,6) = -1.700840128541523*dFwc3;
Jac_west_cell_temp_pre(15,5) = 0.9819805060619657*dFwc3;
Jac_west_cell_temp_pre(15,4) = -2.958039891549808*dFwc4;
Jac_west_cell_temp_pre(15,3) = 2.5*dFwc4;
Jac_west_cell_temp_pre(15,2) = -1.936491673103708*dFwc4;
Jac_west_cell_temp_pre(15,1) = 1.118033988749895*dFwc4;
Jac_west_cell_temp_pre(14,16) = 2.29128784747792*dFwc1 + 1.366260102127946*dFwc3;
Jac_west_cell_temp_pre(14,15) = - 1.936491673103708*dFwc1 - 1.154700538379252*dFwc3;
Jac_west_cell_temp_pre(14,14) = 1.5*dFwc1 + 0.8944271909999159*dFwc3;
Jac_west_cell_temp_pre(14,13) = - 0.8660254037844386*dFwc1 - 0.5163977794943223*dFwc3;
Jac_west_cell_temp_pre(14,12) = 2.012461179749811*dFwc2 + 1.366260102127946*dFwc4;
Jac_west_cell_temp_pre(14,11) = - 1.700840128541523*dFwc2 - 1.154700538379252*dFwc4;
Jac_west_cell_temp_pre(14,10) = 1.31746509848052*dFwc2 + 0.8944271909999159*dFwc4;
Jac_west_cell_temp_pre(14,9) = - 0.7606388292556649*dFwc2 - 0.5163977794943223*dFwc4;
Jac_west_cell_temp_pre(14,8) = 2.012461179749811*dFwc3;
Jac_west_cell_temp_pre(14,7) = -1.700840128541523*dFwc3;
Jac_west_cell_temp_pre(14,6) = 1.31746509848052*dFwc3;
Jac_west_cell_temp_pre(14,5) = -0.7606388292556649*dFwc3;
Jac_west_cell_temp_pre(14,4) = 2.29128784747792*dFwc4;
Jac_west_cell_temp_pre(14,3) = -1.936491673103708*dFwc4;
Jac_west_cell_temp_pre(14,2) = 1.5*dFwc4;
Jac_west_cell_temp_pre(14,1) = -0.8660254037844386*dFwc4;
Jac_west_cell_temp_pre(13,16) = - 1.322875655532295*dFwc1 - 0.7888106377466155*dFwc3;
Jac_west_cell_temp_pre(13,15) = 1.118033988749895*dFwc1 + 0.6666666666666667*dFwc3;
Jac_west_cell_temp_pre(13,14) = - 0.8660254037844386*dFwc1 - 0.5163977794943223*dFwc3;
Jac_west_cell_temp_pre(13,13) = 0.5*dFwc1 + 0.298142396999972*dFwc3;
Jac_west_cell_temp_pre(13,12) = - 1.161895003862225*dFwc2 - 0.7888106377466155*dFwc4;
Jac_west_cell_temp_pre(13,11) = 0.9819805060619657*dFwc2 + 0.6666666666666667*dFwc4;
Jac_west_cell_temp_pre(13,10) = - 0.7606388292556649*dFwc2 - 0.5163977794943223*dFwc4;
Jac_west_cell_temp_pre(13,9) = 0.4391550328268399*dFwc2 + 0.298142396999972*dFwc4;
Jac_west_cell_temp_pre(13,8) = -1.161895003862225*dFwc3;
Jac_west_cell_temp_pre(13,7) = 0.9819805060619657*dFwc3;
Jac_west_cell_temp_pre(13,6) = -0.7606388292556649*dFwc3;
Jac_west_cell_temp_pre(13,5) = 0.4391550328268399*dFwc3;
Jac_west_cell_temp_pre(13,4) = -1.322875655532295*dFwc4;
Jac_west_cell_temp_pre(13,3) = 1.118033988749895*dFwc4;
Jac_west_cell_temp_pre(13,2) = -0.8660254037844386*dFwc4;
Jac_west_cell_temp_pre(13,1) = 0.5*dFwc4;
Jac_west_cell_temp_pre(12,16) = 3.07408522978788*dFwc2 + 2.086996778999804*dFwc4;
Jac_west_cell_temp_pre(12,15) = - 2.598076211353316*dFwc2 - 1.763834207376394*dFwc4;
Jac_west_cell_temp_pre(12,14) = 2.012461179749811*dFwc2 + 1.366260102127946*dFwc4;
Jac_west_cell_temp_pre(12,13) = - 1.161895003862225*dFwc2 - 0.7888106377466155*dFwc4;
Jac_west_cell_temp_pre(12,12) = 3.5*dFwc1 + 2.23606797749979*dFwc3;
Jac_west_cell_temp_pre(12,11) = - 2.958039891549808*dFwc1 - 1.889822365046136*dFwc3;
Jac_west_cell_temp_pre(12,10) = 2.29128784747792*dFwc1 + 1.4638501094228*dFwc3;
Jac_west_cell_temp_pre(12,9) = - 1.322875655532295*dFwc1 - 0.8451542547285166*dFwc3;
Jac_west_cell_temp_pre(12,8) = 3.130495168499706*dFwc2 + 3.07408522978788*dFwc4;
Jac_west_cell_temp_pre(12,7) = - 2.645751311064591*dFwc2 - 2.598076211353316*dFwc4;
Jac_west_cell_temp_pre(12,6) = 2.04939015319192*dFwc2 + 2.012461179749811*dFwc4;
Jac_west_cell_temp_pre(12,5) = - 1.183215956619923*dFwc2 - 1.161895003862225*dFwc4;
Jac_west_cell_temp_pre(12,4) = 3.5*dFwc3;
Jac_west_cell_temp_pre(12,3) = -2.958039891549808*dFwc3;
Jac_west_cell_temp_pre(12,2) = 2.29128784747792*dFwc3;
Jac_west_cell_temp_pre(12,1) = -1.322875655532295*dFwc3;
Jac_west_cell_temp_pre(11,16) = - 2.598076211353316*dFwc2 - 1.763834207376394*dFwc4;
Jac_west_cell_temp_pre(11,15) = 2.1957751641342*dFwc2 + 1.49071198499986*dFwc4;
Jac_west_cell_temp_pre(11,14) = - 1.700840128541523*dFwc2 - 1.154700538379252*dFwc4;
Jac_west_cell_temp_pre(11,13) = 0.9819805060619657*dFwc2 + 0.6666666666666667*dFwc4;
Jac_west_cell_temp_pre(11,12) = - 2.958039891549808*dFwc1 - 1.889822365046136*dFwc3;
Jac_west_cell_temp_pre(11,11) = 2.5*dFwc1 + 1.59719141249985*dFwc3;
Jac_west_cell_temp_pre(11,10) = - 1.936491673103708*dFwc1 - 1.237179148263484*dFwc3;
Jac_west_cell_temp_pre(11,9) = 1.118033988749895*dFwc1 + 0.7142857142857143*dFwc3;
Jac_west_cell_temp_pre(11,8) = - 2.645751311064591*dFwc2 - 2.598076211353316*dFwc4;
Jac_west_cell_temp_pre(11,7) = 2.23606797749979*dFwc2 + 2.1957751641342*dFwc4;
Jac_west_cell_temp_pre(11,6) = - 1.732050807568877*dFwc2 - 1.700840128541523*dFwc4;
Jac_west_cell_temp_pre(11,5) = dFwc2 + 0.9819805060619657*dFwc4;
Jac_west_cell_temp_pre(11,4) = -2.958039891549808*dFwc3;
Jac_west_cell_temp_pre(11,3) = 2.5*dFwc3;
Jac_west_cell_temp_pre(11,2) = -1.936491673103708*dFwc3;
Jac_west_cell_temp_pre(11,1) = 1.118033988749895*dFwc3;
Jac_west_cell_temp_pre(10,16) = 2.012461179749811*dFwc2 + 1.366260102127946*dFwc4;
Jac_west_cell_temp_pre(10,15) = - 1.700840128541523*dFwc2 - 1.154700538379252*dFwc4;
Jac_west_cell_temp_pre(10,14) = 1.31746509848052*dFwc2 + 0.8944271909999159*dFwc4;
Jac_west_cell_temp_pre(10,13) = - 0.7606388292556649*dFwc2 - 0.5163977794943223*dFwc4;
Jac_west_cell_temp_pre(10,12) = 2.29128784747792*dFwc1 + 1.4638501094228*dFwc3;
Jac_west_cell_temp_pre(10,11) = - 1.936491673103708*dFwc1 - 1.237179148263484*dFwc3;
Jac_west_cell_temp_pre(10,10) = 1.5*dFwc1 + 0.9583148474999099*dFwc3;
