function [Jac_cell,residual_cell] = problem_exact_jaccell_M4_P(q,q_past,nuv1,nuv2) 
u_20 = q(20);
u_19 = q(19);
u_18 = q(18);
u_17 = q(17);
u_16 = q(16);
u_15 = q(15);
u_14 = q(14);
u_13 = q(13);
u_12 = q(12);
u_11 = q(11);
u_10 = q(10);
u_9 = q(9);
u_8 = q(8);
u_7 = q(7);
u_6 = q(6);
u_5 = q(5);
u_4 = q(4);
u_3 = q(3);
u_2 = q(2);
u_1 = q(1);
u_past_20 = q_past(20);
u_past_19 = q_past(19);
u_past_18 = q_past(18);
u_past_17 = q_past(17);
u_past_16 = q_past(16);
u_past_15 = q_past(15);
u_past_14 = q_past(14);
u_past_13 = q_past(13);
u_past_12 = q_past(12);
u_past_11 = q_past(11);
u_past_10 = q_past(10);
u_past_9 = q_past(9);
u_past_8 = q_past(8);
u_past_7 = q_past(7);
u_past_6 = q_past(6);
u_past_5 = q_past(5);
u_past_4 = q_past(4);
u_past_3 = q_past(3);
u_past_2 = q_past(2);
u_past_1 = q_past(1);
residual_cell(20,1) = 0;
residual_cell(20,1) = 18.33030277982336*u_11 - 10.5830052442583624*u_1 - 23.6643191323984642*u_17 + 28.0*u_20 + 10.5830052442583624*u_past_1 + 18.33030277982336*u_past_11 + 23.6643191323984642*u_past_17 + 28.0*u_past_20;
residual_cell(19,1) = 8.94427190999915879*u_5 - 15.4919333848296675*u_14 + 20.0*u_19 - 8.94427190999915879*u_past_5 - 15.4919333848296675*u_past_14 - 20.0*u_past_19 + nuv1*(- 13.8564064605510183*u_1*u_17 - 13.8564064605510183*u_2*u_18 - 13.8564064605510183*u_5*u_19 - 12.1702212680906387*u_11*u_20 - 6.19677335393186702*u_11^2 - 6.19677335393186702*u_12^2 - 6.19677335393186702*u_13^2 - 6.19677335393186702*u_14^2 - 6.19677335393186702*u_15^2 - 6.19677335393186702*u_16^2 - 4.42626668137990501*u_17^2 - 4.42626668137990501*u_18^2 - 4.42626668137990501*u_19^2 - 4.13118223595457801*u_20^2);
residual_cell(18,1) = 8.94427190999915879*u_2 - 15.4919333848296675*u_12 + 20.0*u_18 - 8.94427190999915879*u_past_2 - 15.4919333848296675*u_past_12 - 20.0*u_past_18 + nuv2*(- 13.8564064605510183*u_1*u_17 - 13.8564064605510183*u_2*u_18 - 13.8564064605510183*u_5*u_19 - 12.1702212680906387*u_11*u_20 - 6.19677335393186702*u_11^2 - 6.19677335393186702*u_12^2 - 6.19677335393186702*u_13^2 - 6.19677335393186702*u_14^2 - 6.19677335393186702*u_15^2 - 6.19677335393186702*u_16^2 - 4.42626668137990501*u_17^2 - 4.42626668137990501*u_18^2 - 4.42626668137990501*u_19^2 - 4.13118223595457801*u_20^2);
residual_cell(17,1) = 8.94427190999915879*u_1 - 15.4919333848296675*u_11 + 20.0*u_17 + 23.6643191323984642*u_20 - 8.94427190999915879*u_past_1 - 15.4919333848296675*u_past_11 - 20.0*u_past_17 - 23.6643191323984642*u_past_20;
residual_cell(16,1) = 12.0*u_16 - 6.92820323027550917*u_8 + 6.92820323027550917*u_past_8 + 12.0*u_past_16 + nuv1*(- 30.9838667696593351*u_1*u_14 - 30.9838667696593351*u_5*u_11 - 30.9838667696593351*u_2*u_15 - 30.9838667696593351*u_6*u_12 - 30.9838667696593351*u_7*u_13 - 27.7128129211020367*u_5*u_16 - 27.7128129211020367*u_8*u_14 - 27.7128129211020367*u_9*u_15 - 27.2134420566643604*u_10*u_16 - 27.7128129211020367*u_11*u_19 - 27.7128129211020367*u_14*u_17 - 27.7128129211020367*u_15*u_18 - 24.7870934157274681*u_16*u_19 - 27.2134420566643604*u_19*u_20);
residual_cell(15,1) = 12.0*u_15 - 6.92820323027550917*u_6 + 6.92820323027550917*u_past_6 + 12.0*u_past_15 + nuv1*(- 13.8564064605510183*u_1*u_12 - 13.8564064605510183*u_2*u_11 - 12.393546707863734*u_2*u_13 - 12.393546707863734*u_3*u_12 - 12.1702212680906387*u_4*u_13 - 13.8564064605510183*u_5*u_15 - 13.8564064605510183*u_6*u_14 - 12.393546707863734*u_7*u_15 - 13.8564064605510183*u_9*u_16 - 12.393546707863734*u_11*u_18 - 12.393546707863734*u_12*u_17 - 11.0851251684408147*u_13*u_18 - 12.393546707863734*u_15*u_19 - 12.1702212680906387*u_18*u_20) + nuv2*(- 13.8564064605510183*u_1*u_14 - 13.8564064605510183*u_5*u_11 - 13.8564064605510183*u_2*u_15 - 13.8564064605510183*u_6*u_12 - 13.8564064605510183*u_7*u_13 - 12.393546707863734*u_5*u_16 - 12.393546707863734*u_8*u_14 - 12.393546707863734*u_9*u_15 - 12.1702212680906387*u_10*u_16 - 12.393546707863734*u_11*u_19 - 12.393546707863734*u_14*u_17 - 12.393546707863734*u_15*u_18 - 11.0851251684408147*u_16*u_19 - 12.1702212680906387*u_19*u_20);
residual_cell(14,1) = 12.0*u_14 - 6.92820323027550917*u_5 + 15.4919333848296675*u_19 + 6.92820323027550917*u_past_5 + 12.0*u_past_14 + 15.4919333848296675*u_past_19 + nuv1*(- 13.8564064605510183*u_1*u_11 - 13.8564064605510183*u_2*u_12 - 13.8564064605510183*u_3*u_13 - 13.8564064605510183*u_5*u_14 - 13.8564064605510183*u_6*u_15 - 13.8564064605510183*u_8*u_16 - 12.393546707863734*u_11*u_17 - 12.393546707863734*u_12*u_18 - 12.393546707863734*u_14*u_19 - 12.1702212680906387*u_17*u_20);
residual_cell(13,1) = 12.0*u_13 - 6.92820323027550917*u_3 + 6.92820323027550917*u_past_3 + 12.0*u_past_13 + nuv2*(- 30.9838667696593351*u_1*u_12 - 30.9838667696593351*u_2*u_11 - 27.7128129211020367*u_2*u_13 - 27.7128129211020367*u_3*u_12 - 27.2134420566643604*u_4*u_13 - 30.9838667696593351*u_5*u_15 - 30.9838667696593351*u_6*u_14 - 27.7128129211020367*u_7*u_15 - 30.9838667696593351*u_9*u_16 - 27.7128129211020367*u_11*u_18 - 27.7128129211020367*u_12*u_17 - 24.7870934157274681*u_13*u_18 - 27.7128129211020367*u_15*u_19 - 27.2134420566643604*u_18*u_20);
residual_cell(12,1) = 12.0*u_12 - 6.92820323027550917*u_2 + 15.4919333848296675*u_18 + 6.92820323027550917*u_past_2 + 12.0*u_past_12 + 15.4919333848296675*u_past_18 + nuv2*(- 13.8564064605510183*u_1*u_11 - 13.8564064605510183*u_2*u_12 - 13.8564064605510183*u_3*u_13 - 13.8564064605510183*u_5*u_14 - 13.8564064605510183*u_6*u_15 - 13.8564064605510183*u_8*u_16 - 12.393546707863734*u_11*u_17 - 12.393546707863734*u_12*u_18 - 12.393546707863734*u_14*u_19 - 12.1702212680906387*u_17*u_20);
residual_cell(11,1) = 12.0*u_11 - 6.92820323027550917*u_1 + 15.4919333848296675*u_17 + 18.33030277982336*u_20 + 6.92820323027550917*u_past_1 + 12.0*u_past_11 + 15.4919333848296675*u_past_17 + 18.33030277982336*u_past_20;
residual_cell(10,1) = 4.0*u_10 - 4.0*u_past_10 + nuv1*(- 47.3286382647969283*u_1*u_8 - 47.3286382647969283*u_2*u_9 - 41.569219381653055*u_5*u_10 - 47.3286382647969283*u_11*u_16 - 10.5830052442583624*u_1^2 - 10.5830052442583624*u_2^2 - 10.5830052442583624*u_3^2 - 10.5830052442583624*u_4^2 - 31.7490157327750871*u_5^2 - 31.7490157327750871*u_6^2 - 31.7490157327750871*u_7^2 - 25.7015841646274515*u_8^2 - 25.7015841646274515*u_9^2 - 24.6936789032695122*u_10^2 - 10.5830052442583624*u_11^2 - 10.5830052442583624*u_12^2 - 10.5830052442583624*u_13^2 - 31.7490157327750871*u_14^2 - 31.7490157327750871*u_15^2 - 25.7015841646274515*u_16^2 - 10.5830052442583624*u_17^2 - 10.5830052442583624*u_18^2 - 31.7490157327750871*u_19^2 - 10.5830052442583624*u_20^2);
residual_cell(9,1) = 4.0*u_9 - 4.0*u_past_9 + nuv1*(- 30.9838667696593351*u_1*u_6 - 30.9838667696593351*u_2*u_5 - 27.7128129211020367*u_2*u_7 - 27.7128129211020367*u_3*u_6 - 27.2134420566643604*u_4*u_7 - 27.7128129211020367*u_5*u_9 - 27.7128129211020367*u_6*u_8 - 24.7870934157274681*u_7*u_9 - 27.2134420566643604*u_9*u_10 - 30.9838667696593351*u_11*u_15 - 30.9838667696593351*u_12*u_14 - 27.7128129211020367*u_13*u_15 - 27.7128129211020367*u_15*u_16 - 30.9838667696593351*u_18*u_19) + nuv2*(- 13.8564064605510183*u_1*u_8 - 13.8564064605510183*u_2*u_9 - 12.1702212680906387*u_5*u_10 - 13.8564064605510183*u_11*u_16 - 6.19677335393186702*u_5^2 - 6.19677335393186702*u_6^2 - 6.19677335393186702*u_7^2 - 4.42626668137990501*u_8^2 - 4.42626668137990501*u_9^2 - 4.13118223595457801*u_10^2 - 6.19677335393186702*u_14^2 - 6.19677335393186702*u_15^2 - 4.42626668137990501*u_16^2 - 6.19677335393186702*u_19^2);
residual_cell(8,1) = 4.0*u_8 + 6.92820323027550917*u_16 - 4.0*u_past_8 - 6.92820323027550917*u_past_16 + nuv1*(- 30.9838667696593351*u_1*u_5 - 30.9838667696593351*u_2*u_6 - 30.9838667696593351*u_3*u_7 - 27.7128129211020367*u_5*u_8 - 27.7128129211020367*u_6*u_9 - 27.2134420566643604*u_8*u_10 - 30.9838667696593351*u_11*u_14 - 30.9838667696593351*u_12*u_15 - 27.7128129211020367*u_14*u_16 - 30.9838667696593351*u_17*u_19);
