function [Jac_cell,residual_cell] = problem_exact_jaccell_M2_P(q,q_past,nuv1,nuv2) 
u_4 = q(4);
u_3 = q(3);
u_2 = q(2);
u_1 = q(1);
u_past_4 = q_past(4);
u_past_3 = q_past(3);
u_past_2 = q_past(2);
u_past_1 = q_past(1);
residual_cell(4,1) = 0;
residual_cell(4,1) = 12.0*u_4 - 6.92820323027550917*u_1 + 6.92820323027550917*u_past_1 + 12.0*u_past_4;
residual_cell(3,1) = 4.0*u_3 - 4.0*u_past_3 + nuv1*(- 6.92820323027550917*u_1^2 - 6.92820323027550917*u_2^2 - 6.92820323027550917*u_3^2 - 6.92820323027550917*u_4^2);
residual_cell(2,1) = 4.0*u_2 - 4.0*u_past_2 + nuv2*(- 6.92820323027550917*u_1^2 - 6.92820323027550917*u_2^2 - 6.92820323027550917*u_3^2 - 6.92820323027550917*u_4^2);
residual_cell(1,1) = 4.0*u_1 + 6.92820323027550917*u_4 - 4.0*u_past_1 - 6.92820323027550917*u_past_4;
Jac_cell(4,4) = 0;
Jac_cell(4,4) = 12.0;
Jac_cell(4,1) = -6.92820323027550917;
Jac_cell(3,4) =  + nuv1*(-13.8564064605510183*u_4);
Jac_cell(3,3) = 4.0 + nuv1*(-13.8564064605510183*u_3);
Jac_cell(3,2) =  + nuv1*(-13.8564064605510183*u_2);
Jac_cell(3,1) =  + nuv1*(-13.8564064605510183*u_1);
Jac_cell(2,4) =  + nuv2*(-13.8564064605510183*u_4);
Jac_cell(2,3) =  + nuv2*(-13.8564064605510183*u_3);
Jac_cell(2,2) = 4.0 + nuv2*(-13.8564064605510183*u_2);
Jac_cell(2,1) =  + nuv2*(-13.8564064605510183*u_1);
Jac_cell(1,4) = 6.92820323027550917;
Jac_cell(1,1) = 4.0;
